1.40000000000000
1.28500000000000
1.17000000000000
1.05500000000000
0.940000000000000
0.825000000000000
0.710000000000000
0.595000000000000
0.480000000000000
0.365000000000000
0.250000000000000
0.135000000000000
0.0200000000000000
-0.0950000000000000
-0.210000000000000
-0.325000000000000
-0.440000000000000
-0.555000000000000
-0.670000000000000
-0.785000000000000
-0.900000000000000
-1.01500000000000
-1.13000000000000
-1.24500000000000
-1.36000000000000
-1.47500000000000
-1.59000000000000
-1.70500000000000
-1.82000000000000
-1.93500000000000
-2.05000000000000
-2.16500000000000
-2.28000000000000
-2.39500000000000
-2.51000000000000
-2.62500000000000
-2.74000000000000
-2.85500000000000
-2.97000000000000
-3.08500000000000
-3.20000000000000
-3.31500000000000
-3.43000000000000
-3.54500000000000
-3.66000000000000
-3.77500000000000
-3.89000000000000
-4.00500000000000
-4.12000000000000
-4.23500000000000
-4.35000000000000
-4.46500000000000
-4.58000000000000
-4.69500000000000
-4.81000000000000
-4.92500000000000
-5.04000000000000
-5.15500000000000
-5.27000000000000
-5.38500000000000
-5.50000000000000
-5.61500000000000
-5.73000000000000
-5.84500000000000
-5.96000000000000
-6.07500000000000
-6.19000000000000
-6.30500000000000
-6.42000000000000
-6.53500000000000
-6.65000000000000
-6.76500000000000
-6.88000000000000
-6.99500000000000
-7.11000000000000
-7.22500000000000
-7.34000000000000
-7.45500000000000
-7.57000000000000
-7.68500000000000
-7.80000000000000
-7.91500000000000
-8.03000000000000
-8.14500000000000
-8.26000000000000
-8.37500000000000
-8.49000000000000
-8.60500000000000
-8.72000000000000
-8.83500000000000
-8.95000000000000
-9.06500000000000
-9.18000000000000
-9.29500000000000
-9.41000000000000
-9.52500000000000
-9.64000000000000
-9.75500000000000
-9.87000000000000
-9.98500000000000
-10.1000000000000